retval = 0.6333805831155146

camera_matrix = [[3.25916104e+03 0.00000000e+00 5.44131518e+02]
 		[0.00000000e+00 3.26121263e+03 6.07515269e+02]
 		[0.00000000e+00 0.00000000e+00 1.00000000e+00]]

distCoeffs = [[-8.00242522e-02  1.13072752e+00  1.15332544e-02 -1.00301102e-02
   1.24936954e+01]]

rvecs = [array([[ 0.01060417],
       [-0.42593305],
       [-0.01922293]]), array([[ 0.01494241],
       [-0.29560073],
       [-0.01758168]]), array([[ 0.02079143],
       [-0.13608123],
       [-0.01561627]]), array([[ 3.88291381e-01],
       [-1.08902782e-03],
       [ 3.10735949e+00]]), array([[ 0.62668071],
       [-0.01013459],
       [ 3.07019877]]), array([[ 0.85554656],
       [-0.01372258],
       [ 3.01720003]]), array([[ 2.79469126e-01],
       [-2.51644835e-03],
       [ 3.11035401e+00]]), array([[ 0.01537456],
       [-0.27243708],
       [-0.02401628]]), array([[ 0.54887464],
       [-0.00968425],
       [ 3.07606058]]), array([[ 0.70592324],
       [-0.0129914 ],
       [ 3.04535239]]), array([[-0.01656296],
       [-0.05605978],
       [ 0.008123  ]]), array([[ 0.39803976],
       [-0.00456762],
       [ 3.09850781]]), array([[ 0.00937904],
       [-0.62266658],
       [-0.02727015]]), array([[1.05460089],
       [0.04011921],
       [2.96199372]]), array([[-0.02701395],
       [-0.84797272],
       [ 0.01402961]]), array([[-0.00883644],
       [-0.08040003],
       [ 0.00774954]]), array([[ 8.86366514e-02],
       [-1.26695112e-03],
       [ 3.12834104e+00]]), array([[ 0.56631561],
       [-0.00863446],
       [ 3.08183389]]), array([[ 0.87751818],
       [-0.01664744],
       [ 3.01087097]]), array([[ 0.01334924],
       [-0.39156765],
       [-0.01827316]]), array([[ 0.00684802],
       [-0.6400657 ],
       [-0.02138424]])]

tvecs = [array([[-1.51636134],
       [-7.878024  ],
       [60.08037635]]), array([[-1.61569248],
       [-7.89203981],
       [60.92167741]]), array([[-1.78702008],
       [-7.90620063],
       [61.74448   ]]), array([[ 6.26858823],
       [ 1.96826627],
       [62.0493851 ]]), array([[ 6.15182233],
       [ 1.97920023],
       [61.60716395]]), array([[ 5.35394776],
       [ 1.99821743],
       [61.38412707]]), array([[ 4.1115874 ],
       [ 1.89378763],
       [71.78524232]]), array([[-2.93123101],
       [-7.90963491],
       [69.3732379 ]]), array([[ 4.36210589],
       [ 1.91847451],
       [69.7344764 ]]), array([[ 3.79603032],
       [ 1.9434256 ],
       [68.94036308]]), array([[-2.09040096],
       [-5.27660239],
       [68.33292601]]), array([[ 3.89659782],
       [ 1.94832425],
       [68.54371618]]), array([[-2.28055828],
       [-7.87145984],
       [66.47522602]]), array([[ 2.31948609],
       [ 4.74024916],
       [66.8400247 ]]), array([[-1.01916607],
       [-5.37410935],
       [64.00455668]]), array([[-0.88283273],
       [-5.46047608],
       [59.24276224]]), array([[ 3.4808721 ],
       [ 1.96379495],
       [65.33857803]]), array([[ 3.83609499],
       [ 1.96363098],
       [64.67630279]]), array([[ 3.31247527],
       [ 1.98970689],
       [63.87213413]]), array([[-2.6525166 ],
       [-7.87110792],
       [60.76687662]]), array([[-1.02723611],
       [-7.86169284],
       [58.6640688 ]])]

focal length = 0.9993709133301014

